8658
1312
11693
56171
53537
52463
5163
32776
20835
65158
48690
5898
25442
20529
39439
57392
6701
63630
25978
552
44764
64755
20236
52925
18414
44115
19088
47107
38660
57533
63576
13987
20872
28320
490
10461
52483
28729
4757
57685
64294
33279
2122
4790
50555
12780
50049
33730
21143
50195
13146
25821
5969
29428
10438
50887
7126
44470
57241
27
32544
49740
31254
22256
51441
22911
19041
31592
56347
12151
20476
57758
34265
18609
54794
54152
31890
20890
25600
51208
46537
60090
60792
45557
63838
60512
18983
15024
32063
32699
56222
17902
45268
41006
63182
25124
39114
51908
12996
32929
43813
29577
24435
13377
52756
11456
20110
58294
21299
11183
10232
38731
47614
11572
4896
63420
63550
23234
6495
32383
39852
10840
19154
60991
32266
49680
4629
48647
460
58919
60247
59773
64068
10059
15183
28264
60560
60002
6736
57867
16217
969
37380
55769
3084
18875
148
10461
32256
34065
15758
6165
16379
6292
23240
4739
14378
11865
49414
44952
25384
5123
15614
28303
47386
2737
53193
52579
47588
21017
44654
3178
10192
51209
28887
59051
4186
33416
39318
46370
4639
17216
10227
57867
45735
15155
3134
45034
65528
1527
3754
14384
60923
2121
59966
7496
14303
63187
8877
54798
46907
31709
1275
13134
24204
1377
37419
60675
26846
17728
245
43833
1307
60113
31250
18327
18172
27761
37353
32603
35436
12597
23907
11175
40398
10863
23886
28225
60803
37633
38914
19761
56337
31573
16959
38479
20479
27879
12964
55061
18
29546
56596
58225
61716
27748
51421
6510
2902
38058
56381
63103
23181
56713
42325
65393
62990
56936
8993
42099
21182
64210
54194
2278
51436
5378
50954
10658
59258
27175
43713
9633
6387
52189
43380
45953
36710
41552
15587
31652
7764
4116
53815
61880
61514
19561
12242
53957
1158
11919
45931
62849
21044
54587
47162
6900
57113
62585
12283
50330
10370
19062
55490
17562
58361
62775
38207
43847
25407
20524
36727
27793
10523
54636
46886
34603
27733
29468
20417
12218
10456
22175
1454
64246
52613
23711
589
54330
48481
58253
49606
47405
32044
30017
51089
55494
6414
43338
28373
55947
47420
21352
58585
25774
32392
56746
15738
33470
10493
60301
38668
1390
8440
44959
29510
60551
46961
55263
387
8455
41412
33415
49796
21620
14711
13667
4782
34402
5774
33170
7247
8130
31747
34012
865
36732
24431
19635
50823
2847
51206
46617
2309
23333
55974
31962
26224
9049
17130
1134
60929
48773
12343
342
16379
51246
54181
37748
34587
45250
1341
58532
8463
65484
24025
52059
26540
7525
58324
56076
20310
61373
13702
19559
51669
15467
35303
6605
22101
26171
42801
61794
23329
51479
7771
22975
49894
64831
20884
49435
33089
45811
33089
38050
45128
34493
55107
57155
46527
11932
2337
137
35431
8147
8126
34102
51938
24119
33922
2332
36883
32496
63729
52104
18210
9144
17461
35475
28480
53047
27422
38245
34783
4447
18461
24235
52359
45464
31385
16147
1849
55041
25959
24577
42626
51814
25586
51504
62523
64780
25205
25727
19657
39023
39001
6771
18379
14435
37357
21468
4496
12497
57706
39437
41968
9323
27563
27473
62526
57620
7333
54520
38518
47871
65427
62464
17024
42822
61509
6331
19204
29726
58229
11706
38048
58912
46132
61071
21530
37233
27268
62483
39217
47476
35660
10714
62871
48158
35350
45061
56144
54623
21051
52578
18111
50550
52392
31866
3601
59667
39572
25295
38107
3439
6497
139
28373
5159
25091
32823
43755
52221
58256
26195
32668
7095
38559
8167
1545
15553
35540
398
45462
45790
49872
7832
35183
30357
20988
44409
38793
22588
27725
44225
63557
35572
22468
42398
57026
155
51994
49087
22181
25413
27124
41349
40114
1251
32413
38905
22135
46207
24736
18298
30318
36848
53276
16708
8225
19392
60529
40661
50857
5892
58187
35612
6681
59576
26695
1662
11753
15827
61112
22158
52703
54538
19358
22681
59399
58740
14136
16341
44024
27145
20595
20622
55618
2993
4780
39434
15319
49265
15532
64737
33899
36480
42928
27503
14312
55292
33842
647
768
56736
31007
39210
12561
40695
42555
48050
42797
8859
3448
47498
39024
25656
15743
51257
10003
28089
11135
5146
31014
26649
14419
31262
4042
1183
14013
12064
48999
29529
37601
42201
50678
1427
12210
59982
42296
38143
15094
47709
35067
12481
48335
36552
49281
27311
31273
52487
50436
52962
27297
27838
14686
41222
24644
495
32650
23332
689
38718
58075
44003
11583
15176
53507
52286
29197
3834
19330
4287
42801
18111
11735
5897
14716
13617
24174
65404
40451
43026
47074
51975
51908
45041
55479
24640
39890
11338
61705
30639
34715
339
43648
61260
58948
52816
61100
57205
20510
62342
22010
31204
33342
6603
40195
56271
45018
41901
33287
53691
57542
9589
47278
15301
49625
26091
16759
38509
14589
29289
58368
54461
54590
62775
760
34562
22632
31239
42194
29585
46401
25012
47406
42888
57367
30831
9959
23087
14530
63671
36246
10552
31308
3516
22059
31811
26286
61882
23584
44469
37290
42109
17236
48040
3551
991
18605
12374
30756
10253
52409
64435
10329
10175
64221
39574
47390
31178
13398
132
49893
45491
28613
51983
34697
16472
41825
46571
27521
41168
56471
41119
54755
8288
39645
42923
23084
30515
53316
28058
43879
10880
63507
11013
41193
12403
40349
4396
46801
20063
33503
63464
45342
62273
6795
55122
62597
61201
62254
46645
28066
60307
60497
10745
31499
18758
64048
20962
53772
21212
60416
4166
9747
14317
8971
48889
61745
3128
43403
29440
58758
2112
19985
13499
44504
25227
46868
8102
60250
31350
8396
52579
6661
26357
12665
36279
53274
49265
1130
58960
55932
9755
60977
31767
2933
18498
13133
37521
17732
27434
53740
38586
52008
25674
58823
61473
13148
3993
5802
30442
18471
28496
58715
13893
42725
59135
45853
31443
14041
57057
44281
57820
30828
11924
43160
9013
54463
53953
50193
31390
14118
2088
47074
57441
25324
5197
12662
2695
18739
61603
57509
31190
37393
9493
47726
34555
8788
21097
6745
34354
33305
61446
8551
6487
6294
19496
59608
47953
31877
60656
48932
27391
63458
34022
51723
14515
32269
2631
41071
55073
63103
28260
64844
20637
63800
32091
51601
43703
5597
42794
53372
48776
63727
44405
24610
27003
19543
17857
29149
43977
61235
51855
17142
25832
3497
46848
16691
23948
